+----------+---------------+---------------+------------+----------------+-----------------+------------+
| # Epoch  | AUROC_binding | AUPRC_binding | AUROC_site | AUROC_function | AUROC_modulator | Train_loss |
+----------+---------------+---------------+------------+----------------+-----------------+------------+
| epoch 1  |     0.4757    |     0.5259    |   0.3300   |     0.5580     |      0.3250     |   0.9642   |
| epoch 2  |     0.5109    |     0.5224    |   0.6161   |     0.4568     |      0.7188     |   0.8475   |
| epoch 3  |     0.4890    |     0.4696    |   0.8810   |     0.4890     |      0.5556     |   0.8344   |
| epoch 4  |     0.4619    |     0.4951    |   0.7701   |     0.5260     |      0.6667     |   0.8794   |
| epoch 5  |     0.5263    |     0.5596    |   0.7204   |     0.4188     |      0.8438     |   0.8431   |
| epoch 6  |     0.4724    |     0.4658    |   0.6240   |     0.5804     |      0.7500     |   0.8528   |
| epoch 7  |     0.4810    |     0.5309    |   0.7500   |     0.4867     |      0.8438     |   0.7821   |
| epoch 8  |     0.5217    |     0.5381    |   0.7667   |     0.5909     |      0.8400     |   0.7920   |
| epoch 9  |     0.5175    |     0.5199    |   0.7333   |     0.6844     |      1.0000     |   0.8236   |
| epoch 10 |     0.4765    |     0.4966    |   0.9043   |     0.5000     |      1.0000     |   0.8111   |
+----------+---------------+---------------+------------+----------------+-----------------+------------+